rank: 0, dur: 12.808288s, error: 1e-13,  realMem: 73940000b (peak: 73940000b), virtMem: 529932000b (peak: 529932000b)
rank: 1, dur: 12.806780s, error: 1e-13,  realMem: 74132000b (peak: 74132000b), virtMem: 529932000b (peak: 529932000b)
12.89623712.889537