rank: 0, dur: 13.889941s, error: 1e-13,  realMem: 73612000b (peak: 73612000b), virtMem: 411100000b (peak: 411100000b)
rank: 1, dur: 13.888985s, error: 1e-13,  realMem: 73612000b (peak: 73612000b), virtMem: 361920000b (peak: 361920000b)
13.97873413.958335