rank: 0, dur: 14.134469s, error: 1e-13,  realMem: 73612000b (peak: 73612000b), virtMem: 378316000b (peak: 378316000b)
rank: 1, dur: 14.068204s, error: 1e-13,  realMem: 73572000b (peak: 73572000b), virtMem: 361920000b (peak: 361920000b)
14.23069114.210822