rank: 0, dur: 23.769866s, error: 1e-13,  realMem: 73892000b (peak: 73892000b), virtMem: 464364000b (peak: 464364000b)
rank: 1, dur: 23.767123s, error: 1e-13,  realMem: 74132000b (peak: 74132000b), virtMem: 464364000b (peak: 464364000b)
23.87019523.865412