rank: 0, dur: 15.032980s, error: 1e-13,  realMem: 73680000b (peak: 73680000b), virtMem: 370120000b (peak: 370120000b)
rank: 1, dur: 15.032107s, error: 1e-13,  realMem: 73624000b (peak: 73624000b), virtMem: 361920000b (peak: 361920000b)
15.12359415.103865