rank: 0, dur: 15.136668s, error: 1e-13,  realMem: 73548000b (peak: 73548000b), virtMem: 353728000b (peak: 353728000b)
rank: 1, dur: 15.108699s, error: 1e-13,  realMem: 73688000b (peak: 73688000b), virtMem: 361920000b (peak: 361920000b)
15.22430515.205211