rank: 0, dur: 12.734768s, error: 1e-13,  realMem: 74048000b (peak: 74048000b), virtMem: 538128000b (peak: 538128000b)
rank: 1, dur: 12.732935s, error: 1e-13,  realMem: 74244000b (peak: 74244000b), virtMem: 538128000b (peak: 538128000b)
12.82379112.817057