rank: 0, dur: 13.716219s, error: 1e-13,  realMem: 73768000b (peak: 73768000b), virtMem: 402904000b (peak: 402904000b)
rank: 1, dur: 13.734628s, error: 1e-13,  realMem: 73696000b (peak: 73696000b), virtMem: 361920000b (peak: 361920000b)
13.82489513.805028