rank: 0, dur: 14.783514s, error: 1e-13,  realMem: 73936000b (peak: 73936000b), virtMem: 472560000b (peak: 472560000b)
rank: 1, dur: 14.784336s, error: 1e-13,  realMem: 74120000b (peak: 74120000b), virtMem: 472560000b (peak: 472560000b)
14.87596014.871854