rank: 0, dur: 12.826602s, error: 1e-13,  realMem: 73976000b (peak: 73976000b), virtMem: 554520000b (peak: 554520000b)
rank: 1, dur: 12.817253s, error: 1e-13,  realMem: 74196000b (peak: 74196000b), virtMem: 554520000b (peak: 554520000b)
12.91374512.907056