rank: 0, dur: 13.426526s, error: 1e-13,  realMem: 74108000b (peak: 74108000b), virtMem: 488952000b (peak: 488952000b)
rank: 1, dur: 13.388637s, error: 1e-13,  realMem: 73960000b (peak: 73960000b), virtMem: 488952000b (peak: 488952000b)
13.51110713.508130