rank: 0, dur: 12.837782s, error: 1e-13,  realMem: 74124000b (peak: 74124000b), virtMem: 546324000b (peak: 546324000b)
rank: 1, dur: 12.835847s, error: 1e-13,  realMem: 74084000b (peak: 74084000b), virtMem: 546324000b (peak: 546324000b)
12.92505912.923008