rank: 0, dur: 15.349912s, error: 1e-13,  realMem: 73640000b (peak: 73640000b), virtMem: 337336000b (peak: 337336000b)
rank: 1, dur: 15.354473s, error: 1e-13,  realMem: 73724000b (peak: 73724000b), virtMem: 361920000b (peak: 361920000b)
15.44443815.424498