rank: 0, dur: 27.480678s, error: 1e-13,  realMem: 73672000b (peak: 73672000b), virtMem: 320944000b (peak: 320944000b)
rank: 1, dur: 27.494198s, error: 1e-13,  realMem: 73676000b (peak: 73676000b), virtMem: 361920000b (peak: 361920000b)
27.59482927.567359