rank: 0, dur: 16.041084s, error: 1e-13,  realMem: 73592000b (peak: 73592000b), virtMem: 386512000b (peak: 386512000b)
rank: 1, dur: 16.016113s, error: 1e-13,  realMem: 73612000b (peak: 73612000b), virtMem: 361920000b (peak: 361920000b)
16.13186616.111533