rank: 0, dur: 13.020418s, error: 1e-13,  realMem: 73616000b (peak: 73616000b), virtMem: 345532000b (peak: 345532000b)
rank: 1, dur: 13.019265s, error: 1e-13,  realMem: 73564000b (peak: 73564000b), virtMem: 361920000b (peak: 361920000b)
13.11016713.090094