rank: 0, dur: 12.802817s, error: 1e-13,  realMem: 73984000b (peak: 73984000b), virtMem: 521736000b (peak: 521736000b)
rank: 1, dur: 12.788782s, error: 1e-13,  realMem: 74096000b (peak: 74096000b), virtMem: 521736000b (peak: 521736000b)
12.88715412.884263