rank: 0, dur: 15.241767s, error: 1e-13,  realMem: 74076000b (peak: 74076000b), virtMem: 505344000b (peak: 505344000b)
rank: 1, dur: 15.239029s, error: 1e-13,  realMem: 74036000b (peak: 74036000b), virtMem: 505344000b (peak: 505344000b)
15.34104815.338974