rank: 0, dur: 16.184788s, error: 1e-13,  realMem: 73744000b (peak: 73744000b), virtMem: 394708000b (peak: 394708000b)
rank: 1, dur: 16.152553s, error: 1e-13,  realMem: 73608000b (peak: 73608000b), virtMem: 361920000b (peak: 361920000b)
16.27667716.256197