rank: 0, dur: 12.048545s, error: 1e-13,  realMem: 74004000b (peak: 74004000b), virtMem: 480756000b (peak: 480756000b)
rank: 1, dur: 12.030195s, error: 1e-13,  realMem: 73956000b (peak: 73956000b), virtMem: 480756000b (peak: 480756000b)
12.13903512.135833