rank: 0, dur: 12.848060s, error: 1e-13,  realMem: 74136000b (peak: 74136000b), virtMem: 513540000b (peak: 513540000b)
rank: 1, dur: 12.853064s, error: 1e-13,  realMem: 74140000b (peak: 74140000b), virtMem: 513540000b (peak: 513540000b)
12.94473612.941313