rank: 0, dur: 17.512085s, error: 1e-13,  realMem: 73704000b (peak: 73704000b), virtMem: 329140000b (peak: 329140000b)
rank: 1, dur: 17.515131s, error: 1e-13,  realMem: 73756000b (peak: 73756000b), virtMem: 361920000b (peak: 361920000b)
17.60878117.589627