rank: 0, dur: 14.263800s, error: 1e-13,  realMem: 73876000b (peak: 73876000b), virtMem: 497148000b (peak: 497148000b)
rank: 1, dur: 14.250380s, error: 1e-13,  realMem: 74148000b (peak: 74148000b), virtMem: 497148000b (peak: 497148000b)
14.35767014.350963