rank: 1, dur: 19.686812s, error: 5e-310,  realMem: 1056596000b (peak: 1056596000b), virtMem: 1344960000b (peak: 1344960000b)
rank: 0, dur: 19.623029s, error: 5e-310,  realMem: 1056700000b (peak: 1056700000b), virtMem: 1328572000b (peak: 1328572000b)
total time: 20.112208
total time: 20.093789
rank: 0, cpu_id: 11, pid: 3922, cpu_usage: 99.75161 %
rank: 1, cpu_id: 11, pid: 19072, cpu_usage: 174.98757 %
