rank: 1, dur: 19.399791s, error: 5e-310,  realMem: 1056636000b (peak: 1056636000b), virtMem: 1344960000b (peak: 1344960000b)
rank: 0, dur: 19.289372s, error: 5e-310,  realMem: 1056664000b (peak: 1056664000b), virtMem: 1320376000b (peak: 1320376000b)
total time: 19.772798
total time: 19.753704
rank: 0, cpu_id: 11, pid: 3902, cpu_usage: 99.84833 %
rank: 1, cpu_id: 1, pid: 18950, cpu_usage: 163.58118 %
