rank: 1, dur: 18.973663s, error: 5e-310,  realMem: 1056704000b (peak: 1056704000b), virtMem: 1344960000b (peak: 1344960000b)
rank: 0, dur: 18.876749s, error: 5e-310,  realMem: 1056544000b (peak: 1056544000b), virtMem: 1312180000b (peak: 1312180000b)
total time: 19.359846
total time: 19.341695
rank: 0, cpu_id: 11, pid: 3883, cpu_usage: 99.79350 %
rank: 1, cpu_id: 11, pid: 18835, cpu_usage: 154.64876 %
