rank: 1, dur: 18.290696s, error: 5e-310,  realMem: 1056696000b (peak: 1056696000b), virtMem: 1344960000b (peak: 1344960000b)
rank: 0, dur: 18.279145s, error: 5e-310,  realMem: 1056752000b (peak: 1056752000b), virtMem: 1385944000b (peak: 1385944000b)
total time: 18.753213
total time: 18.736110
rank: 0, cpu_id: 11, pid: 4091, cpu_usage: 99.78689 %
rank: 1, cpu_id: 1, pid: 19904, cpu_usage: 184.64000 %
