rank: 1, dur: 19.821497s, error: 5e-310,  realMem: 1056680000b (peak: 1056680000b), virtMem: 1344960000b (peak: 1344960000b)
rank: 0, dur: 19.728547s, error: 5e-310,  realMem: 1056636000b (peak: 1056636000b), virtMem: 1336768000b (peak: 1336768000b)
total time: 20.220974
rank: 0, cpu_id: 11, pid: 3943, cpu_usage: 99.75296 %
total time: 20.275177
rank: 1, cpu_id: 4, pid: 19186, cpu_usage: 168.85165 %
