rank: 1, dur: 18.286187s, error: 5e-310,  realMem: 1056608000b (peak: 1056608000b), virtMem: 1344960000b (peak: 1344960000b)
rank: 0, dur: 18.276842s, error: 5e-310,  realMem: 1056636000b (peak: 1056636000b), virtMem: 1394140000b (peak: 1394140000b)
total time: 18.748955
total time: 18.731243
rank: 0, cpu_id: 11, pid: 4119, cpu_usage: 99.84009 %
rank: 1, cpu_id: 1, pid: 20018, cpu_usage: 184.10667 %
