initPlusState: 0.030644
twoTime: 17.195431
tTime: 6.089141
xTime: 20.402944
yTime: 21.384056
rank: 0, dur: 65.103057s, error: 5e-310,  realMem: 73652000b (peak: 73652000b), virtMem: 345380000b (peak: 345380000b)
65.205565