initPlusState: 0.016765
twoTime: 7.383859
tTime: 2.629016
xTime: 16.838665
yTime: 18.285687
rank: 0, dur: 45.154879s, error: 5e-310,  realMem: 73536000b (peak: 73536000b), virtMem: 378164000b (peak: 378164000b)
45.244497