initPlusState: 0.021335
twoTime: 10.677226
tTime: 3.950156
xTime: 18.600345
yTime: 17.942594
rank: 0, dur: 51.192492s, error: 5e-310,  realMem: 73456000b (peak: 73456000b), virtMem: 328988000b (peak: 328988000b)
51.289263