initPlusState: 0.026034
twoTime: 13.833267
tTime: 4.997601
xTime: 19.756120
yTime: 19.688498
rank: 0, dur: 58.302367s, error: 5e-310,  realMem: 73416000b (peak: 73416000b), virtMem: 337184000b (peak: 337184000b)
58.407876