initPlusState: 0.016895
twoTime: 7.436758
tTime: 2.719567
xTime: 17.173069
yTime: 17.441381
rank: 0, dur: 44.788599s, error: 5e-310,  realMem: 73440000b (peak: 73440000b), virtMem: 386360000b (peak: 386360000b)
44.879200