initPlusState: 0.016967
twoTime: 7.456559
tTime: 2.678316
xTime: 17.563207
yTime: 17.304948
rank: 0, dur: 45.020846s, error: 5e-310,  realMem: 73588000b (peak: 73588000b), virtMem: 402752000b (peak: 402752000b)
45.111005