initPlusState: 0.016935
twoTime: 7.470825
tTime: 2.695478
xTime: 16.930742
yTime: 17.695951
rank: 0, dur: 44.810849s, error: 5e-310,  realMem: 73432000b (peak: 73432000b), virtMem: 394556000b (peak: 394556000b)
44.904585