initPlusState: 0.016809
twoTime: 7.390384
tTime: 2.640955
xTime: 17.696786
yTime: 17.536865
rank: 0, dur: 45.282703s, error: 5e-310,  realMem: 73512000b (peak: 73512000b), virtMem: 369968000b (peak: 369968000b)
45.372463