initPlusState: 0.016955
twoTime: 7.416413
tTime: 2.747452
xTime: 16.625830
yTime: 17.813747
rank: 0, dur: 44.621304s, error: 5e-310,  realMem: 73540000b (peak: 73540000b), virtMem: 411080000b (peak: 411080000b)
44.710246