initPlusState: 0.016636
twoTime: 7.421764
tTime: 2.730994
xTime: 17.511005
yTime: 17.021774
rank: 0, dur: 44.703041s, error: 5e-310,  realMem: 73396000b (peak: 73396000b), virtMem: 320792000b (peak: 320792000b)
44.818365