initPlusState: 0.037713
twoTime: 23.582133
tTime: 8.568896
xTime: 21.934283
yTime: 23.200727
rank: 0, dur: 77.324679s, error: 5e-310,  realMem: 73432000b (peak: 73432000b), virtMem: 361772000b (peak: 361772000b)
77.431171