initPlusState: 0.035383
twoTime: 20.377349
tTime: 7.375878
xTime: 20.497129
yTime: 21.299564
rank: 0, dur: 69.586207s, error: 5e-310,  realMem: 73696000b (peak: 73696000b), virtMem: 353576000b (peak: 353576000b)
69.693244