rank: 0, dur: 6.284430s, error: 9e-14,  realMem: 24660000b (peak: 24660000b), virtMem: 271796000b (peak: 271796000b)
rank: 1, dur: 6.211540s, error: 9e-14,  realMem: 24656000b (peak: 24656000b), virtMem: 312772000b (peak: 312772000b)
