rank: 0, dur: 0.041467s, error: 6e-14,  realMem: 8440000b (peak: 8440000b), virtMem: 255556000b (peak: 255556000b)
rank: 1, dur: 0.038858s, error: 6e-14,  realMem: 8424000b (peak: 8424000b), virtMem: 296504000b (peak: 296504000b)
