rank: 0, dur: 0.030290s, error: 5e-14,  realMem: 8408000b (peak: 8408000b), virtMem: 255396000b (peak: 255396000b)
rank: 1, dur: 0.024665s, error: 5e-14,  realMem: 8316000b (peak: 8316000b), virtMem: 296372000b (peak: 296372000b)
