rank: 0, dur: 0.020798s, error: 2e-14,  realMem: 7560000b (peak: 7560000b), virtMem: 255396000b (peak: 255396000b)
rank: 1, dur: 0.015267s, error: 2e-14,  realMem: 7504000b (peak: 7504000b), virtMem: 296372000b (peak: 296372000b)
