rank: 0, dur: 1.450270s, error: 8e-14,  realMem: 12348000b (peak: 12348000b), virtMem: 259508000b (peak: 259508000b)
rank: 1, dur: 1.438297s, error: 8e-14,  realMem: 12132000b (peak: 12132000b), virtMem: 300484000b (peak: 300484000b)
