rank: 0, dur: 122.492707s, error: 1e-13,  realMem: 270284000b (peak: 270284000b), virtMem: 517556000b (peak: 517556000b)
rank: 1, dur: 119.822106s, error: 1e-13,  realMem: 270508000b (peak: 270508000b), virtMem: 558532000b (peak: 558532000b)
