rank: 0, dur: 3.138954s, error: 8e-14,  realMem: 16436000b (peak: 16436000b), virtMem: 263604000b (peak: 263604000b)
rank: 1, dur: 3.087995s, error: 8e-14,  realMem: 15744000b (peak: 15744000b), virtMem: 304580000b (peak: 304580000b)
