rank: 0, dur: 246.889671s, error: 1e-13,  realMem: 532688000b (peak: 532688000b), virtMem: 779700000b (peak: 779700000b)
rank: 1, dur: 247.006546s, error: 1e-13,  realMem: 532684000b (peak: 532684000b), virtMem: 820676000b (peak: 820676000b)
