rank: 0, dur: 0.010807s, error: 4e-14,  realMem: 7408000b (peak: 7408000b), virtMem: 255396000b (peak: 255396000b)
rank: 1, dur: 0.006965s, error: 4e-14,  realMem: 7488000b (peak: 7488000b), virtMem: 296372000b (peak: 296372000b)
