rank: 0, dur: 13.091257s, error: 9e-14,  realMem: 40972000b (peak: 40972000b), virtMem: 288180000b (peak: 288180000b)
rank: 1, dur: 12.788634s, error: 9e-14,  realMem: 41164000b (peak: 41164000b), virtMem: 329156000b (peak: 329156000b)
