rank: 0, dur: 0.005830s, error: 3e-14,  realMem: 7520000b (peak: 7520000b), virtMem: 255396000b (peak: 255396000b)
rank: 1, dur: 0.005663s, error: 3e-14,  realMem: 7608000b (peak: 7608000b), virtMem: 296372000b (peak: 296372000b)
