rank: 0, dur: 59.267667s, error: 1e-13,  realMem: 139212000b (peak: 139212000b), virtMem: 386484000b (peak: 386484000b)
rank: 1, dur: 58.533656s, error: 1e-13,  realMem: 139548000b (peak: 139548000b), virtMem: 427460000b (peak: 427460000b)
