rank: 0, dur: 4.986195s, error: 9e-14,  realMem: 25036000b (peak: 25036000b), virtMem: 415216000b (peak: 415216000b)
rank: 1, dur: 4.984838s, error: 9e-14,  realMem: 25160000b (peak: 25160000b), virtMem: 415216000b (peak: 415216000b)
