rank: 0, dur: 0.695977s, error: 8e-14,  realMem: 10164000b (peak: 10164000b), virtMem: 257460000b (peak: 257460000b)
rank: 1, dur: 0.687838s, error: 8e-14,  realMem: 9412000b (peak: 9412000b), virtMem: 298436000b (peak: 298436000b)
