rank: 0, dur: 0.005406s, error: 3e-14,  realMem: 7728000b (peak: 7728000b), virtMem: 255396000b (peak: 255396000b)
rank: 1, dur: 0.005213s, error: 3e-14,  realMem: 7480000b (peak: 7480000b), virtMem: 296372000b (peak: 296372000b)
