rank: 0, dur: 0.353011s, error: 7e-14,  realMem: 9164000b (peak: 9164000b), virtMem: 256436000b (peak: 256436000b)
rank: 1, dur: 0.349361s, error: 7e-14,  realMem: 8772000b (peak: 8772000b), virtMem: 297412000b (peak: 297412000b)
