rank: 0, dur: 0.012077s, error: 4e-14,  realMem: 7652000b (peak: 7652000b), virtMem: 255396000b (peak: 255396000b)
rank: 1, dur: 0.008217s, error: 4e-14,  realMem: 7728000b (peak: 7728000b), virtMem: 296372000b (peak: 296372000b)
