rank: 0, dur: 0.010751s, error: 3e-14,  realMem: 7488000b (peak: 7488000b), virtMem: 255396000b (peak: 255396000b)
rank: 1, dur: 0.004359s, error: 3e-14,  realMem: 7436000b (peak: 7436000b), virtMem: 296372000b (peak: 296372000b)
