rank: 0, dur: 0.003770s, error: 1e-14,  realMem: 7564000b (peak: 7564000b), virtMem: 255396000b (peak: 255396000b)
rank: 1, dur: 0.003576s, error: 1e-14,  realMem: 7528000b (peak: 7528000b), virtMem: 296372000b (peak: 296372000b)
