rank: 0, dur: 27.754012s, error: 1e-13,  realMem: 73916000b (peak: 73916000b), virtMem: 320948000b (peak: 320948000b)
rank: 1, dur: 27.761322s, error: 1e-13,  realMem: 74008000b (peak: 74008000b), virtMem: 361924000b (peak: 361924000b)
