rank: 0, dur: 0.004179s, error: 2e-14,  realMem: 7764000b (peak: 7764000b), virtMem: 255396000b (peak: 255396000b)
rank: 1, dur: 0.003989s, error: 2e-14,  realMem: 7484000b (peak: 7484000b), virtMem: 296372000b (peak: 296372000b)
