rank: 0, dur: 0.017226s, error: 5e-14,  realMem: 7528000b (peak: 7528000b), virtMem: 255396000b (peak: 255396000b)
rank: 1, dur: 0.013131s, error: 5e-14,  realMem: 8248000b (peak: 8248000b), virtMem: 296372000b (peak: 296372000b)
