rank: 0, dur: 0.174773s, error: 7e-14,  realMem: 8752000b (peak: 8752000b), virtMem: 255924000b (peak: 255924000b)
rank: 1, dur: 0.169418s, error: 7e-14,  realMem: 8664000b (peak: 8664000b), virtMem: 296900000b (peak: 296900000b)
