rank: 0, dur: 0.099147s, error: 6e-14,  realMem: 7976000b (peak: 7976000b), virtMem: 255556000b (peak: 255556000b)
rank: 1, dur: 0.093627s, error: 6e-14,  realMem: 8360000b (peak: 8360000b), virtMem: 296668000b (peak: 296668000b)
